{
 "cells": [
  {
   "cell_type": "code",
   "execution_count": 34,
   "metadata": {},
   "outputs": [],
   "source": [
    "import quandl\n",
    "quandl.ApiConfig.api_key = \"CXJRhqCt_s4YnjCDfYq4\"\n",
    "import numpy as np\n",
    "import pandas as pd"
   ]
  },
  {
   "cell_type": "code",
   "execution_count": 70,
   "metadata": {},
   "outputs": [
    {
     "data": {
      "text/html": [
       "<div>\n",
       "<style scoped>\n",
       "    .dataframe tbody tr th:only-of-type {\n",
       "        vertical-align: middle;\n",
       "    }\n",
       "\n",
       "    .dataframe tbody tr th {\n",
       "        vertical-align: top;\n",
       "    }\n",
       "\n",
       "    .dataframe thead th {\n",
       "        text-align: right;\n",
       "    }\n",
       "</style>\n",
       "<table border=\"1\" class=\"dataframe\">\n",
       "  <thead>\n",
       "    <tr style=\"text-align: right;\">\n",
       "      <th></th>\n",
       "      <th>coalindia</th>\n",
       "      <th>ibulhsgfin</th>\n",
       "      <th>wipro</th>\n",
       "      <th>ltfh</th>\n",
       "      <th>tcs</th>\n",
       "      <th>sunpharma</th>\n",
       "      <th>biocon</th>\n",
       "      <th>pvr</th>\n",
       "      <th>axisbank</th>\n",
       "      <th>hdfcbank</th>\n",
       "      <th>tatamotors</th>\n",
       "      <th>cipla</th>\n",
       "      <th>itc</th>\n",
       "      <th>spicejet</th>\n",
       "      <th>reliance</th>\n",
       "      <th>infy</th>\n",
       "      <th>bhel</th>\n",
       "      <th>dabur</th>\n",
       "      <th>sbi</th>\n",
       "      <th>bajfinance</th>\n",
       "    </tr>\n",
       "    <tr>\n",
       "      <th>date</th>\n",
       "      <th></th>\n",
       "      <th></th>\n",
       "      <th></th>\n",
       "      <th></th>\n",
       "      <th></th>\n",
       "      <th></th>\n",
       "      <th></th>\n",
       "      <th></th>\n",
       "      <th></th>\n",
       "      <th></th>\n",
       "      <th></th>\n",
       "      <th></th>\n",
       "      <th></th>\n",
       "      <th></th>\n",
       "      <th></th>\n",
       "      <th></th>\n",
       "      <th></th>\n",
       "      <th></th>\n",
       "      <th></th>\n",
       "      <th></th>\n",
       "    </tr>\n",
       "  </thead>\n",
       "  <tbody>\n",
       "    <tr>\n",
       "      <th>1-September-2015</th>\n",
       "      <td>355.40</td>\n",
       "      <td>726.15</td>\n",
       "      <td>562.85</td>\n",
       "      <td>62.70</td>\n",
       "      <td>2538.80</td>\n",
       "      <td>900.75</td>\n",
       "      <td>436.90</td>\n",
       "      <td>815.05</td>\n",
       "      <td>480.15</td>\n",
       "      <td>1000.60</td>\n",
       "      <td>329.60</td>\n",
       "      <td>663.25</td>\n",
       "      <td>315.55</td>\n",
       "      <td>24.25</td>\n",
       "      <td>840.15</td>\n",
       "      <td>1089.65</td>\n",
       "      <td>217.65</td>\n",
       "      <td>271.10</td>\n",
       "      <td>239.10</td>\n",
       "      <td>4940.85</td>\n",
       "    </tr>\n",
       "    <tr>\n",
       "      <th>2-September-2015</th>\n",
       "      <td>344.50</td>\n",
       "      <td>707.25</td>\n",
       "      <td>555.90</td>\n",
       "      <td>62.55</td>\n",
       "      <td>2593.20</td>\n",
       "      <td>890.35</td>\n",
       "      <td>437.70</td>\n",
       "      <td>807.45</td>\n",
       "      <td>466.85</td>\n",
       "      <td>995.65</td>\n",
       "      <td>325.35</td>\n",
       "      <td>650.05</td>\n",
       "      <td>320.00</td>\n",
       "      <td>24.20</td>\n",
       "      <td>849.30</td>\n",
       "      <td>1100.30</td>\n",
       "      <td>206.55</td>\n",
       "      <td>279.10</td>\n",
       "      <td>230.60</td>\n",
       "      <td>5028.35</td>\n",
       "    </tr>\n",
       "    <tr>\n",
       "      <th>3-September-2015</th>\n",
       "      <td>345.65</td>\n",
       "      <td>709.90</td>\n",
       "      <td>566.70</td>\n",
       "      <td>63.50</td>\n",
       "      <td>2605.25</td>\n",
       "      <td>885.35</td>\n",
       "      <td>439.35</td>\n",
       "      <td>835.35</td>\n",
       "      <td>486.40</td>\n",
       "      <td>1010.45</td>\n",
       "      <td>333.35</td>\n",
       "      <td>656.85</td>\n",
       "      <td>320.05</td>\n",
       "      <td>24.35</td>\n",
       "      <td>853.75</td>\n",
       "      <td>1100.65</td>\n",
       "      <td>211.55</td>\n",
       "      <td>285.10</td>\n",
       "      <td>232.60</td>\n",
       "      <td>5205.50</td>\n",
       "    </tr>\n",
       "    <tr>\n",
       "      <th>4-September-2015</th>\n",
       "      <td>346.75</td>\n",
       "      <td>721.10</td>\n",
       "      <td>553.70</td>\n",
       "      <td>63.05</td>\n",
       "      <td>2549.45</td>\n",
       "      <td>858.55</td>\n",
       "      <td>427.30</td>\n",
       "      <td>816.25</td>\n",
       "      <td>468.85</td>\n",
       "      <td>995.70</td>\n",
       "      <td>322.85</td>\n",
       "      <td>649.40</td>\n",
       "      <td>316.45</td>\n",
       "      <td>23.00</td>\n",
       "      <td>835.60</td>\n",
       "      <td>1073.80</td>\n",
       "      <td>206.65</td>\n",
       "      <td>285.15</td>\n",
       "      <td>225.05</td>\n",
       "      <td>5068.75</td>\n",
       "    </tr>\n",
       "    <tr>\n",
       "      <th>7-September-2015</th>\n",
       "      <td>337.60</td>\n",
       "      <td>724.25</td>\n",
       "      <td>551.90</td>\n",
       "      <td>62.25</td>\n",
       "      <td>2539.50</td>\n",
       "      <td>836.45</td>\n",
       "      <td>427.35</td>\n",
       "      <td>783.40</td>\n",
       "      <td>450.55</td>\n",
       "      <td>984.60</td>\n",
       "      <td>323.60</td>\n",
       "      <td>649.30</td>\n",
       "      <td>313.25</td>\n",
       "      <td>22.50</td>\n",
       "      <td>833.05</td>\n",
       "      <td>1059.60</td>\n",
       "      <td>200.95</td>\n",
       "      <td>276.90</td>\n",
       "      <td>221.70</td>\n",
       "      <td>5025.55</td>\n",
       "    </tr>\n",
       "  </tbody>\n",
       "</table>\n",
       "</div>"
      ],
      "text/plain": [
       "                  coalindia  ibulhsgfin   wipro   ltfh      tcs  sunpharma  \\\n",
       "date                                                                         \n",
       "1-September-2015     355.40      726.15  562.85  62.70  2538.80     900.75   \n",
       "2-September-2015     344.50      707.25  555.90  62.55  2593.20     890.35   \n",
       "3-September-2015     345.65      709.90  566.70  63.50  2605.25     885.35   \n",
       "4-September-2015     346.75      721.10  553.70  63.05  2549.45     858.55   \n",
       "7-September-2015     337.60      724.25  551.90  62.25  2539.50     836.45   \n",
       "\n",
       "                  biocon     pvr  axisbank  hdfcbank  tatamotors   cipla  \\\n",
       "date                                                                       \n",
       "1-September-2015  436.90  815.05    480.15   1000.60      329.60  663.25   \n",
       "2-September-2015  437.70  807.45    466.85    995.65      325.35  650.05   \n",
       "3-September-2015  439.35  835.35    486.40   1010.45      333.35  656.85   \n",
       "4-September-2015  427.30  816.25    468.85    995.70      322.85  649.40   \n",
       "7-September-2015  427.35  783.40    450.55    984.60      323.60  649.30   \n",
       "\n",
       "                     itc  spicejet  reliance     infy    bhel   dabur     sbi  \\\n",
       "date                                                                            \n",
       "1-September-2015  315.55     24.25    840.15  1089.65  217.65  271.10  239.10   \n",
       "2-September-2015  320.00     24.20    849.30  1100.30  206.55  279.10  230.60   \n",
       "3-September-2015  320.05     24.35    853.75  1100.65  211.55  285.10  232.60   \n",
       "4-September-2015  316.45     23.00    835.60  1073.80  206.65  285.15  225.05   \n",
       "7-September-2015  313.25     22.50    833.05  1059.60  200.95  276.90  221.70   \n",
       "\n",
       "                  bajfinance  \n",
       "date                          \n",
       "1-September-2015     4940.85  \n",
       "2-September-2015     5028.35  \n",
       "3-September-2015     5205.50  \n",
       "4-September-2015     5068.75  \n",
       "7-September-2015     5025.55  "
      ]
     },
     "execution_count": 70,
     "metadata": {},
     "output_type": "execute_result"
    }
   ],
   "source": [
    "pivoted = pd.read_csv(\"equity/data.csv\", index_col=\"date\")\n",
    "pivoted=pivoted.iloc[::-1]\n",
    "pivoted.head()"
   ]
  },
  {
   "cell_type": "code",
   "execution_count": 71,
   "metadata": {},
   "outputs": [
    {
     "data": {
      "text/html": [
       "<div>\n",
       "<style scoped>\n",
       "    .dataframe tbody tr th:only-of-type {\n",
       "        vertical-align: middle;\n",
       "    }\n",
       "\n",
       "    .dataframe tbody tr th {\n",
       "        vertical-align: top;\n",
       "    }\n",
       "\n",
       "    .dataframe thead th {\n",
       "        text-align: right;\n",
       "    }\n",
       "</style>\n",
       "<table border=\"1\" class=\"dataframe\">\n",
       "  <thead>\n",
       "    <tr style=\"text-align: right;\">\n",
       "      <th></th>\n",
       "      <th>coalindia</th>\n",
       "      <th>ibulhsgfin</th>\n",
       "      <th>wipro</th>\n",
       "      <th>ltfh</th>\n",
       "      <th>tcs</th>\n",
       "      <th>sunpharma</th>\n",
       "      <th>biocon</th>\n",
       "      <th>pvr</th>\n",
       "      <th>axisbank</th>\n",
       "      <th>hdfcbank</th>\n",
       "      <th>tatamotors</th>\n",
       "      <th>cipla</th>\n",
       "      <th>itc</th>\n",
       "      <th>spicejet</th>\n",
       "      <th>reliance</th>\n",
       "      <th>infy</th>\n",
       "      <th>bhel</th>\n",
       "      <th>dabur</th>\n",
       "      <th>sbi</th>\n",
       "      <th>bajfinance</th>\n",
       "    </tr>\n",
       "  </thead>\n",
       "  <tbody>\n",
       "    <tr>\n",
       "      <th>coalindia</th>\n",
       "      <td>0.000330</td>\n",
       "      <td>0.000206</td>\n",
       "      <td>0.000064</td>\n",
       "      <td>0.000155</td>\n",
       "      <td>0.000034</td>\n",
       "      <td>0.000074</td>\n",
       "      <td>0.000068</td>\n",
       "      <td>0.000085</td>\n",
       "      <td>0.000122</td>\n",
       "      <td>0.000056</td>\n",
       "      <td>0.000157</td>\n",
       "      <td>0.000066</td>\n",
       "      <td>0.000069</td>\n",
       "      <td>0.000116</td>\n",
       "      <td>0.000102</td>\n",
       "      <td>0.000056</td>\n",
       "      <td>0.000153</td>\n",
       "      <td>0.000057</td>\n",
       "      <td>0.000128</td>\n",
       "      <td>0.000106</td>\n",
       "    </tr>\n",
       "    <tr>\n",
       "      <th>ibulhsgfin</th>\n",
       "      <td>0.000206</td>\n",
       "      <td>0.001642</td>\n",
       "      <td>0.000084</td>\n",
       "      <td>0.000556</td>\n",
       "      <td>0.000050</td>\n",
       "      <td>0.000143</td>\n",
       "      <td>0.000171</td>\n",
       "      <td>0.000192</td>\n",
       "      <td>0.000318</td>\n",
       "      <td>0.000199</td>\n",
       "      <td>0.000383</td>\n",
       "      <td>0.000121</td>\n",
       "      <td>0.000077</td>\n",
       "      <td>0.000335</td>\n",
       "      <td>0.000186</td>\n",
       "      <td>0.000082</td>\n",
       "      <td>0.000377</td>\n",
       "      <td>0.000100</td>\n",
       "      <td>0.000329</td>\n",
       "      <td>0.000369</td>\n",
       "    </tr>\n",
       "    <tr>\n",
       "      <th>wipro</th>\n",
       "      <td>0.000064</td>\n",
       "      <td>0.000084</td>\n",
       "      <td>0.000700</td>\n",
       "      <td>0.000066</td>\n",
       "      <td>0.000112</td>\n",
       "      <td>0.000045</td>\n",
       "      <td>0.000035</td>\n",
       "      <td>0.000047</td>\n",
       "      <td>0.000091</td>\n",
       "      <td>0.000058</td>\n",
       "      <td>0.000106</td>\n",
       "      <td>0.000046</td>\n",
       "      <td>0.000051</td>\n",
       "      <td>0.000047</td>\n",
       "      <td>0.000063</td>\n",
       "      <td>0.000113</td>\n",
       "      <td>0.000055</td>\n",
       "      <td>0.000042</td>\n",
       "      <td>0.000068</td>\n",
       "      <td>0.000110</td>\n",
       "    </tr>\n",
       "    <tr>\n",
       "      <th>ltfh</th>\n",
       "      <td>0.000155</td>\n",
       "      <td>0.000556</td>\n",
       "      <td>0.000066</td>\n",
       "      <td>0.000715</td>\n",
       "      <td>0.000093</td>\n",
       "      <td>0.000153</td>\n",
       "      <td>0.000157</td>\n",
       "      <td>0.000216</td>\n",
       "      <td>0.000341</td>\n",
       "      <td>0.000199</td>\n",
       "      <td>0.000336</td>\n",
       "      <td>0.000110</td>\n",
       "      <td>0.000119</td>\n",
       "      <td>0.000296</td>\n",
       "      <td>0.000205</td>\n",
       "      <td>0.000121</td>\n",
       "      <td>0.000323</td>\n",
       "      <td>0.000132</td>\n",
       "      <td>0.000305</td>\n",
       "      <td>0.000402</td>\n",
       "    </tr>\n",
       "    <tr>\n",
       "      <th>tcs</th>\n",
       "      <td>0.000034</td>\n",
       "      <td>0.000050</td>\n",
       "      <td>0.000112</td>\n",
       "      <td>0.000093</td>\n",
       "      <td>0.000652</td>\n",
       "      <td>0.000059</td>\n",
       "      <td>0.000065</td>\n",
       "      <td>0.000042</td>\n",
       "      <td>0.000085</td>\n",
       "      <td>0.000049</td>\n",
       "      <td>0.000106</td>\n",
       "      <td>0.000035</td>\n",
       "      <td>0.000057</td>\n",
       "      <td>0.000049</td>\n",
       "      <td>0.000077</td>\n",
       "      <td>0.000132</td>\n",
       "      <td>0.000059</td>\n",
       "      <td>0.000035</td>\n",
       "      <td>0.000059</td>\n",
       "      <td>0.000185</td>\n",
       "    </tr>\n",
       "    <tr>\n",
       "      <th>sunpharma</th>\n",
       "      <td>0.000074</td>\n",
       "      <td>0.000143</td>\n",
       "      <td>0.000045</td>\n",
       "      <td>0.000153</td>\n",
       "      <td>0.000059</td>\n",
       "      <td>0.000428</td>\n",
       "      <td>0.000116</td>\n",
       "      <td>0.000064</td>\n",
       "      <td>0.000111</td>\n",
       "      <td>0.000068</td>\n",
       "      <td>0.000132</td>\n",
       "      <td>0.000152</td>\n",
       "      <td>0.000063</td>\n",
       "      <td>0.000096</td>\n",
       "      <td>0.000103</td>\n",
       "      <td>0.000067</td>\n",
       "      <td>0.000147</td>\n",
       "      <td>0.000088</td>\n",
       "      <td>0.000114</td>\n",
       "      <td>0.000046</td>\n",
       "    </tr>\n",
       "    <tr>\n",
       "      <th>biocon</th>\n",
       "      <td>0.000068</td>\n",
       "      <td>0.000171</td>\n",
       "      <td>0.000035</td>\n",
       "      <td>0.000157</td>\n",
       "      <td>0.000065</td>\n",
       "      <td>0.000116</td>\n",
       "      <td>0.001859</td>\n",
       "      <td>0.000071</td>\n",
       "      <td>0.000103</td>\n",
       "      <td>0.000073</td>\n",
       "      <td>0.000139</td>\n",
       "      <td>0.000092</td>\n",
       "      <td>0.000060</td>\n",
       "      <td>0.000135</td>\n",
       "      <td>0.000077</td>\n",
       "      <td>0.000097</td>\n",
       "      <td>0.000145</td>\n",
       "      <td>0.000095</td>\n",
       "      <td>0.000122</td>\n",
       "      <td>0.000135</td>\n",
       "    </tr>\n",
       "    <tr>\n",
       "      <th>pvr</th>\n",
       "      <td>0.000085</td>\n",
       "      <td>0.000192</td>\n",
       "      <td>0.000047</td>\n",
       "      <td>0.000216</td>\n",
       "      <td>0.000042</td>\n",
       "      <td>0.000064</td>\n",
       "      <td>0.000071</td>\n",
       "      <td>0.000564</td>\n",
       "      <td>0.000175</td>\n",
       "      <td>0.000101</td>\n",
       "      <td>0.000190</td>\n",
       "      <td>0.000045</td>\n",
       "      <td>0.000085</td>\n",
       "      <td>0.000141</td>\n",
       "      <td>0.000086</td>\n",
       "      <td>0.000064</td>\n",
       "      <td>0.000147</td>\n",
       "      <td>0.000080</td>\n",
       "      <td>0.000170</td>\n",
       "      <td>0.000217</td>\n",
       "    </tr>\n",
       "    <tr>\n",
       "      <th>axisbank</th>\n",
       "      <td>0.000122</td>\n",
       "      <td>0.000318</td>\n",
       "      <td>0.000091</td>\n",
       "      <td>0.000341</td>\n",
       "      <td>0.000085</td>\n",
       "      <td>0.000111</td>\n",
       "      <td>0.000103</td>\n",
       "      <td>0.000175</td>\n",
       "      <td>0.000586</td>\n",
       "      <td>0.000175</td>\n",
       "      <td>0.000270</td>\n",
       "      <td>0.000085</td>\n",
       "      <td>0.000119</td>\n",
       "      <td>0.000176</td>\n",
       "      <td>0.000172</td>\n",
       "      <td>0.000100</td>\n",
       "      <td>0.000252</td>\n",
       "      <td>0.000115</td>\n",
       "      <td>0.000319</td>\n",
       "      <td>0.000284</td>\n",
       "    </tr>\n",
       "    <tr>\n",
       "      <th>hdfcbank</th>\n",
       "      <td>0.000056</td>\n",
       "      <td>0.000199</td>\n",
       "      <td>0.000058</td>\n",
       "      <td>0.000199</td>\n",
       "      <td>0.000049</td>\n",
       "      <td>0.000068</td>\n",
       "      <td>0.000073</td>\n",
       "      <td>0.000101</td>\n",
       "      <td>0.000175</td>\n",
       "      <td>0.000591</td>\n",
       "      <td>0.000124</td>\n",
       "      <td>0.000050</td>\n",
       "      <td>0.000090</td>\n",
       "      <td>0.000093</td>\n",
       "      <td>0.000129</td>\n",
       "      <td>0.000086</td>\n",
       "      <td>0.000142</td>\n",
       "      <td>0.000066</td>\n",
       "      <td>0.000153</td>\n",
       "      <td>0.000197</td>\n",
       "    </tr>\n",
       "    <tr>\n",
       "      <th>tatamotors</th>\n",
       "      <td>0.000157</td>\n",
       "      <td>0.000383</td>\n",
       "      <td>0.000106</td>\n",
       "      <td>0.000336</td>\n",
       "      <td>0.000106</td>\n",
       "      <td>0.000132</td>\n",
       "      <td>0.000139</td>\n",
       "      <td>0.000190</td>\n",
       "      <td>0.000270</td>\n",
       "      <td>0.000124</td>\n",
       "      <td>0.000811</td>\n",
       "      <td>0.000100</td>\n",
       "      <td>0.000132</td>\n",
       "      <td>0.000243</td>\n",
       "      <td>0.000194</td>\n",
       "      <td>0.000111</td>\n",
       "      <td>0.000304</td>\n",
       "      <td>0.000125</td>\n",
       "      <td>0.000278</td>\n",
       "      <td>0.000265</td>\n",
       "    </tr>\n",
       "    <tr>\n",
       "      <th>cipla</th>\n",
       "      <td>0.000066</td>\n",
       "      <td>0.000121</td>\n",
       "      <td>0.000046</td>\n",
       "      <td>0.000110</td>\n",
       "      <td>0.000035</td>\n",
       "      <td>0.000152</td>\n",
       "      <td>0.000092</td>\n",
       "      <td>0.000045</td>\n",
       "      <td>0.000085</td>\n",
       "      <td>0.000050</td>\n",
       "      <td>0.000100</td>\n",
       "      <td>0.000286</td>\n",
       "      <td>0.000056</td>\n",
       "      <td>0.000096</td>\n",
       "      <td>0.000069</td>\n",
       "      <td>0.000049</td>\n",
       "      <td>0.000110</td>\n",
       "      <td>0.000064</td>\n",
       "      <td>0.000103</td>\n",
       "      <td>0.000041</td>\n",
       "    </tr>\n",
       "    <tr>\n",
       "      <th>itc</th>\n",
       "      <td>0.000069</td>\n",
       "      <td>0.000077</td>\n",
       "      <td>0.000051</td>\n",
       "      <td>0.000119</td>\n",
       "      <td>0.000057</td>\n",
       "      <td>0.000063</td>\n",
       "      <td>0.000060</td>\n",
       "      <td>0.000085</td>\n",
       "      <td>0.000119</td>\n",
       "      <td>0.000090</td>\n",
       "      <td>0.000132</td>\n",
       "      <td>0.000056</td>\n",
       "      <td>0.000406</td>\n",
       "      <td>0.000081</td>\n",
       "      <td>0.000085</td>\n",
       "      <td>0.000058</td>\n",
       "      <td>0.000109</td>\n",
       "      <td>0.000080</td>\n",
       "      <td>0.000119</td>\n",
       "      <td>0.000079</td>\n",
       "    </tr>\n",
       "    <tr>\n",
       "      <th>spicejet</th>\n",
       "      <td>0.000116</td>\n",
       "      <td>0.000335</td>\n",
       "      <td>0.000047</td>\n",
       "      <td>0.000296</td>\n",
       "      <td>0.000049</td>\n",
       "      <td>0.000096</td>\n",
       "      <td>0.000135</td>\n",
       "      <td>0.000141</td>\n",
       "      <td>0.000176</td>\n",
       "      <td>0.000093</td>\n",
       "      <td>0.000243</td>\n",
       "      <td>0.000096</td>\n",
       "      <td>0.000081</td>\n",
       "      <td>0.001097</td>\n",
       "      <td>0.000109</td>\n",
       "      <td>0.000063</td>\n",
       "      <td>0.000231</td>\n",
       "      <td>0.000071</td>\n",
       "      <td>0.000188</td>\n",
       "      <td>0.000228</td>\n",
       "    </tr>\n",
       "    <tr>\n",
       "      <th>reliance</th>\n",
       "      <td>0.000102</td>\n",
       "      <td>0.000186</td>\n",
       "      <td>0.000063</td>\n",
       "      <td>0.000205</td>\n",
       "      <td>0.000077</td>\n",
       "      <td>0.000103</td>\n",
       "      <td>0.000077</td>\n",
       "      <td>0.000086</td>\n",
       "      <td>0.000172</td>\n",
       "      <td>0.000129</td>\n",
       "      <td>0.000194</td>\n",
       "      <td>0.000069</td>\n",
       "      <td>0.000085</td>\n",
       "      <td>0.000109</td>\n",
       "      <td>0.000756</td>\n",
       "      <td>0.000081</td>\n",
       "      <td>0.000153</td>\n",
       "      <td>0.000083</td>\n",
       "      <td>0.000155</td>\n",
       "      <td>0.000119</td>\n",
       "    </tr>\n",
       "    <tr>\n",
       "      <th>infy</th>\n",
       "      <td>0.000056</td>\n",
       "      <td>0.000082</td>\n",
       "      <td>0.000113</td>\n",
       "      <td>0.000121</td>\n",
       "      <td>0.000132</td>\n",
       "      <td>0.000067</td>\n",
       "      <td>0.000097</td>\n",
       "      <td>0.000064</td>\n",
       "      <td>0.000100</td>\n",
       "      <td>0.000086</td>\n",
       "      <td>0.000111</td>\n",
       "      <td>0.000049</td>\n",
       "      <td>0.000058</td>\n",
       "      <td>0.000063</td>\n",
       "      <td>0.000081</td>\n",
       "      <td>0.000678</td>\n",
       "      <td>0.000095</td>\n",
       "      <td>0.000081</td>\n",
       "      <td>0.000104</td>\n",
       "      <td>0.000139</td>\n",
       "    </tr>\n",
       "    <tr>\n",
       "      <th>bhel</th>\n",
       "      <td>0.000153</td>\n",
       "      <td>0.000377</td>\n",
       "      <td>0.000055</td>\n",
       "      <td>0.000323</td>\n",
       "      <td>0.000059</td>\n",
       "      <td>0.000147</td>\n",
       "      <td>0.000145</td>\n",
       "      <td>0.000147</td>\n",
       "      <td>0.000252</td>\n",
       "      <td>0.000142</td>\n",
       "      <td>0.000304</td>\n",
       "      <td>0.000110</td>\n",
       "      <td>0.000109</td>\n",
       "      <td>0.000231</td>\n",
       "      <td>0.000153</td>\n",
       "      <td>0.000095</td>\n",
       "      <td>0.000858</td>\n",
       "      <td>0.000097</td>\n",
       "      <td>0.000284</td>\n",
       "      <td>0.000281</td>\n",
       "    </tr>\n",
       "    <tr>\n",
       "      <th>dabur</th>\n",
       "      <td>0.000057</td>\n",
       "      <td>0.000100</td>\n",
       "      <td>0.000042</td>\n",
       "      <td>0.000132</td>\n",
       "      <td>0.000035</td>\n",
       "      <td>0.000088</td>\n",
       "      <td>0.000095</td>\n",
       "      <td>0.000080</td>\n",
       "      <td>0.000115</td>\n",
       "      <td>0.000066</td>\n",
       "      <td>0.000125</td>\n",
       "      <td>0.000064</td>\n",
       "      <td>0.000080</td>\n",
       "      <td>0.000071</td>\n",
       "      <td>0.000083</td>\n",
       "      <td>0.000081</td>\n",
       "      <td>0.000097</td>\n",
       "      <td>0.000241</td>\n",
       "      <td>0.000100</td>\n",
       "      <td>0.000118</td>\n",
       "    </tr>\n",
       "    <tr>\n",
       "      <th>sbi</th>\n",
       "      <td>0.000128</td>\n",
       "      <td>0.000329</td>\n",
       "      <td>0.000068</td>\n",
       "      <td>0.000305</td>\n",
       "      <td>0.000059</td>\n",
       "      <td>0.000114</td>\n",
       "      <td>0.000122</td>\n",
       "      <td>0.000170</td>\n",
       "      <td>0.000319</td>\n",
       "      <td>0.000153</td>\n",
       "      <td>0.000278</td>\n",
       "      <td>0.000103</td>\n",
       "      <td>0.000119</td>\n",
       "      <td>0.000188</td>\n",
       "      <td>0.000155</td>\n",
       "      <td>0.000104</td>\n",
       "      <td>0.000284</td>\n",
       "      <td>0.000100</td>\n",
       "      <td>0.000538</td>\n",
       "      <td>0.000234</td>\n",
       "    </tr>\n",
       "    <tr>\n",
       "      <th>bajfinance</th>\n",
       "      <td>0.000106</td>\n",
       "      <td>0.000369</td>\n",
       "      <td>0.000110</td>\n",
       "      <td>0.000402</td>\n",
       "      <td>0.000185</td>\n",
       "      <td>0.000046</td>\n",
       "      <td>0.000135</td>\n",
       "      <td>0.000217</td>\n",
       "      <td>0.000284</td>\n",
       "      <td>0.000197</td>\n",
       "      <td>0.000265</td>\n",
       "      <td>0.000041</td>\n",
       "      <td>0.000079</td>\n",
       "      <td>0.000228</td>\n",
       "      <td>0.000119</td>\n",
       "      <td>0.000139</td>\n",
       "      <td>0.000281</td>\n",
       "      <td>0.000118</td>\n",
       "      <td>0.000234</td>\n",
       "      <td>0.004904</td>\n",
       "    </tr>\n",
       "  </tbody>\n",
       "</table>\n",
       "</div>"
      ],
      "text/plain": [
       "            coalindia  ibulhsgfin     wipro      ltfh       tcs  sunpharma  \\\n",
       "coalindia    0.000330    0.000206  0.000064  0.000155  0.000034   0.000074   \n",
       "ibulhsgfin   0.000206    0.001642  0.000084  0.000556  0.000050   0.000143   \n",
       "wipro        0.000064    0.000084  0.000700  0.000066  0.000112   0.000045   \n",
       "ltfh         0.000155    0.000556  0.000066  0.000715  0.000093   0.000153   \n",
       "tcs          0.000034    0.000050  0.000112  0.000093  0.000652   0.000059   \n",
       "sunpharma    0.000074    0.000143  0.000045  0.000153  0.000059   0.000428   \n",
       "biocon       0.000068    0.000171  0.000035  0.000157  0.000065   0.000116   \n",
       "pvr          0.000085    0.000192  0.000047  0.000216  0.000042   0.000064   \n",
       "axisbank     0.000122    0.000318  0.000091  0.000341  0.000085   0.000111   \n",
       "hdfcbank     0.000056    0.000199  0.000058  0.000199  0.000049   0.000068   \n",
       "tatamotors   0.000157    0.000383  0.000106  0.000336  0.000106   0.000132   \n",
       "cipla        0.000066    0.000121  0.000046  0.000110  0.000035   0.000152   \n",
       "itc          0.000069    0.000077  0.000051  0.000119  0.000057   0.000063   \n",
       "spicejet     0.000116    0.000335  0.000047  0.000296  0.000049   0.000096   \n",
       "reliance     0.000102    0.000186  0.000063  0.000205  0.000077   0.000103   \n",
       "infy         0.000056    0.000082  0.000113  0.000121  0.000132   0.000067   \n",
       "bhel         0.000153    0.000377  0.000055  0.000323  0.000059   0.000147   \n",
       "dabur        0.000057    0.000100  0.000042  0.000132  0.000035   0.000088   \n",
       "sbi          0.000128    0.000329  0.000068  0.000305  0.000059   0.000114   \n",
       "bajfinance   0.000106    0.000369  0.000110  0.000402  0.000185   0.000046   \n",
       "\n",
       "              biocon       pvr  axisbank  hdfcbank  tatamotors     cipla  \\\n",
       "coalindia   0.000068  0.000085  0.000122  0.000056    0.000157  0.000066   \n",
       "ibulhsgfin  0.000171  0.000192  0.000318  0.000199    0.000383  0.000121   \n",
       "wipro       0.000035  0.000047  0.000091  0.000058    0.000106  0.000046   \n",
       "ltfh        0.000157  0.000216  0.000341  0.000199    0.000336  0.000110   \n",
       "tcs         0.000065  0.000042  0.000085  0.000049    0.000106  0.000035   \n",
       "sunpharma   0.000116  0.000064  0.000111  0.000068    0.000132  0.000152   \n",
       "biocon      0.001859  0.000071  0.000103  0.000073    0.000139  0.000092   \n",
       "pvr         0.000071  0.000564  0.000175  0.000101    0.000190  0.000045   \n",
       "axisbank    0.000103  0.000175  0.000586  0.000175    0.000270  0.000085   \n",
       "hdfcbank    0.000073  0.000101  0.000175  0.000591    0.000124  0.000050   \n",
       "tatamotors  0.000139  0.000190  0.000270  0.000124    0.000811  0.000100   \n",
       "cipla       0.000092  0.000045  0.000085  0.000050    0.000100  0.000286   \n",
       "itc         0.000060  0.000085  0.000119  0.000090    0.000132  0.000056   \n",
       "spicejet    0.000135  0.000141  0.000176  0.000093    0.000243  0.000096   \n",
       "reliance    0.000077  0.000086  0.000172  0.000129    0.000194  0.000069   \n",
       "infy        0.000097  0.000064  0.000100  0.000086    0.000111  0.000049   \n",
       "bhel        0.000145  0.000147  0.000252  0.000142    0.000304  0.000110   \n",
       "dabur       0.000095  0.000080  0.000115  0.000066    0.000125  0.000064   \n",
       "sbi         0.000122  0.000170  0.000319  0.000153    0.000278  0.000103   \n",
       "bajfinance  0.000135  0.000217  0.000284  0.000197    0.000265  0.000041   \n",
       "\n",
       "                 itc  spicejet  reliance      infy      bhel     dabur  \\\n",
       "coalindia   0.000069  0.000116  0.000102  0.000056  0.000153  0.000057   \n",
       "ibulhsgfin  0.000077  0.000335  0.000186  0.000082  0.000377  0.000100   \n",
       "wipro       0.000051  0.000047  0.000063  0.000113  0.000055  0.000042   \n",
       "ltfh        0.000119  0.000296  0.000205  0.000121  0.000323  0.000132   \n",
       "tcs         0.000057  0.000049  0.000077  0.000132  0.000059  0.000035   \n",
       "sunpharma   0.000063  0.000096  0.000103  0.000067  0.000147  0.000088   \n",
       "biocon      0.000060  0.000135  0.000077  0.000097  0.000145  0.000095   \n",
       "pvr         0.000085  0.000141  0.000086  0.000064  0.000147  0.000080   \n",
       "axisbank    0.000119  0.000176  0.000172  0.000100  0.000252  0.000115   \n",
       "hdfcbank    0.000090  0.000093  0.000129  0.000086  0.000142  0.000066   \n",
       "tatamotors  0.000132  0.000243  0.000194  0.000111  0.000304  0.000125   \n",
       "cipla       0.000056  0.000096  0.000069  0.000049  0.000110  0.000064   \n",
       "itc         0.000406  0.000081  0.000085  0.000058  0.000109  0.000080   \n",
       "spicejet    0.000081  0.001097  0.000109  0.000063  0.000231  0.000071   \n",
       "reliance    0.000085  0.000109  0.000756  0.000081  0.000153  0.000083   \n",
       "infy        0.000058  0.000063  0.000081  0.000678  0.000095  0.000081   \n",
       "bhel        0.000109  0.000231  0.000153  0.000095  0.000858  0.000097   \n",
       "dabur       0.000080  0.000071  0.000083  0.000081  0.000097  0.000241   \n",
       "sbi         0.000119  0.000188  0.000155  0.000104  0.000284  0.000100   \n",
       "bajfinance  0.000079  0.000228  0.000119  0.000139  0.000281  0.000118   \n",
       "\n",
       "                 sbi  bajfinance  \n",
       "coalindia   0.000128    0.000106  \n",
       "ibulhsgfin  0.000329    0.000369  \n",
       "wipro       0.000068    0.000110  \n",
       "ltfh        0.000305    0.000402  \n",
       "tcs         0.000059    0.000185  \n",
       "sunpharma   0.000114    0.000046  \n",
       "biocon      0.000122    0.000135  \n",
       "pvr         0.000170    0.000217  \n",
       "axisbank    0.000319    0.000284  \n",
       "hdfcbank    0.000153    0.000197  \n",
       "tatamotors  0.000278    0.000265  \n",
       "cipla       0.000103    0.000041  \n",
       "itc         0.000119    0.000079  \n",
       "spicejet    0.000188    0.000228  \n",
       "reliance    0.000155    0.000119  \n",
       "infy        0.000104    0.000139  \n",
       "bhel        0.000284    0.000281  \n",
       "dabur       0.000100    0.000118  \n",
       "sbi         0.000538    0.000234  \n",
       "bajfinance  0.000234    0.004904  "
      ]
     },
     "execution_count": 71,
     "metadata": {},
     "output_type": "execute_result"
    }
   ],
   "source": [
    "cov_matrix = pivoted.pct_change().apply(lambda x: np.log(1+x)).cov()\n",
    "cov_matrix"
   ]
  },
  {
   "cell_type": "code",
   "execution_count": 72,
   "metadata": {},
   "outputs": [
    {
     "data": {
      "text/plain": [
       "coalindia    -0.000629\n",
       "ibulhsgfin   -0.000216\n",
       "wipro        -0.000283\n",
       "ltfh          0.000401\n",
       "tcs           0.000187\n",
       "sunpharma    -0.000228\n",
       "biocon        0.000691\n",
       "pvr           0.000724\n",
       "axisbank      0.000299\n",
       "hdfcbank      0.000354\n",
       "tatamotors   -0.000267\n",
       "cipla         0.000229\n",
       "itc          -0.000214\n",
       "spicejet      0.001149\n",
       "reliance      0.001077\n",
       "infy          0.000162\n",
       "bhel         -0.000979\n",
       "dabur         0.000598\n",
       "sbi           0.000196\n",
       "bajfinance    0.001211\n",
       "dtype: float64"
      ]
     },
     "execution_count": 72,
     "metadata": {},
     "output_type": "execute_result"
    }
   ],
   "source": [
    "e_r = pivoted.pct_change().mean()\n",
    "e_r"
   ]
  },
  {
   "cell_type": "code",
   "execution_count": 73,
   "metadata": {},
   "outputs": [
    {
     "data": {
      "text/plain": [
       "coalindia     0.287405\n",
       "ibulhsgfin    0.640652\n",
       "wipro         0.418297\n",
       "ltfh          0.422656\n",
       "tcs           0.403683\n",
       "sunpharma     0.326948\n",
       "biocon        0.681738\n",
       "pvr           0.375541\n",
       "axisbank      0.382700\n",
       "hdfcbank      0.384236\n",
       "tatamotors    0.450275\n",
       "cipla         0.267293\n",
       "itc           0.318587\n",
       "spicejet      0.523645\n",
       "reliance      0.434637\n",
       "infy          0.411745\n",
       "bhel          0.463252\n",
       "dabur         0.245471\n",
       "sbi           0.366814\n",
       "bajfinance    1.107212\n",
       "dtype: float64"
      ]
     },
     "execution_count": 73,
     "metadata": {},
     "output_type": "execute_result"
    }
   ],
   "source": [
    "sd = pivoted.pct_change().apply(lambda x: np.log(1+x)).std().apply(lambda x: x*np.sqrt(250))\n",
    "sd"
   ]
  },
  {
   "cell_type": "code",
   "execution_count": 74,
   "metadata": {},
   "outputs": [
    {
     "data": {
      "text/html": [
       "<div>\n",
       "<style scoped>\n",
       "    .dataframe tbody tr th:only-of-type {\n",
       "        vertical-align: middle;\n",
       "    }\n",
       "\n",
       "    .dataframe tbody tr th {\n",
       "        vertical-align: top;\n",
       "    }\n",
       "\n",
       "    .dataframe thead th {\n",
       "        text-align: right;\n",
       "    }\n",
       "</style>\n",
       "<table border=\"1\" class=\"dataframe\">\n",
       "  <thead>\n",
       "    <tr style=\"text-align: right;\">\n",
       "      <th></th>\n",
       "      <th>Returns</th>\n",
       "      <th>Volatility</th>\n",
       "    </tr>\n",
       "  </thead>\n",
       "  <tbody>\n",
       "    <tr>\n",
       "      <th>coalindia</th>\n",
       "      <td>-0.000629</td>\n",
       "      <td>0.287405</td>\n",
       "    </tr>\n",
       "    <tr>\n",
       "      <th>ibulhsgfin</th>\n",
       "      <td>-0.000216</td>\n",
       "      <td>0.640652</td>\n",
       "    </tr>\n",
       "    <tr>\n",
       "      <th>wipro</th>\n",
       "      <td>-0.000283</td>\n",
       "      <td>0.418297</td>\n",
       "    </tr>\n",
       "    <tr>\n",
       "      <th>ltfh</th>\n",
       "      <td>0.000401</td>\n",
       "      <td>0.422656</td>\n",
       "    </tr>\n",
       "    <tr>\n",
       "      <th>tcs</th>\n",
       "      <td>0.000187</td>\n",
       "      <td>0.403683</td>\n",
       "    </tr>\n",
       "    <tr>\n",
       "      <th>sunpharma</th>\n",
       "      <td>-0.000228</td>\n",
       "      <td>0.326948</td>\n",
       "    </tr>\n",
       "    <tr>\n",
       "      <th>biocon</th>\n",
       "      <td>0.000691</td>\n",
       "      <td>0.681738</td>\n",
       "    </tr>\n",
       "    <tr>\n",
       "      <th>pvr</th>\n",
       "      <td>0.000724</td>\n",
       "      <td>0.375541</td>\n",
       "    </tr>\n",
       "    <tr>\n",
       "      <th>axisbank</th>\n",
       "      <td>0.000299</td>\n",
       "      <td>0.382700</td>\n",
       "    </tr>\n",
       "    <tr>\n",
       "      <th>hdfcbank</th>\n",
       "      <td>0.000354</td>\n",
       "      <td>0.384236</td>\n",
       "    </tr>\n",
       "    <tr>\n",
       "      <th>tatamotors</th>\n",
       "      <td>-0.000267</td>\n",
       "      <td>0.450275</td>\n",
       "    </tr>\n",
       "    <tr>\n",
       "      <th>cipla</th>\n",
       "      <td>0.000229</td>\n",
       "      <td>0.267293</td>\n",
       "    </tr>\n",
       "    <tr>\n",
       "      <th>itc</th>\n",
       "      <td>-0.000214</td>\n",
       "      <td>0.318587</td>\n",
       "    </tr>\n",
       "    <tr>\n",
       "      <th>spicejet</th>\n",
       "      <td>0.001149</td>\n",
       "      <td>0.523645</td>\n",
       "    </tr>\n",
       "    <tr>\n",
       "      <th>reliance</th>\n",
       "      <td>0.001077</td>\n",
       "      <td>0.434637</td>\n",
       "    </tr>\n",
       "    <tr>\n",
       "      <th>infy</th>\n",
       "      <td>0.000162</td>\n",
       "      <td>0.411745</td>\n",
       "    </tr>\n",
       "    <tr>\n",
       "      <th>bhel</th>\n",
       "      <td>-0.000979</td>\n",
       "      <td>0.463252</td>\n",
       "    </tr>\n",
       "    <tr>\n",
       "      <th>dabur</th>\n",
       "      <td>0.000598</td>\n",
       "      <td>0.245471</td>\n",
       "    </tr>\n",
       "    <tr>\n",
       "      <th>sbi</th>\n",
       "      <td>0.000196</td>\n",
       "      <td>0.366814</td>\n",
       "    </tr>\n",
       "    <tr>\n",
       "      <th>bajfinance</th>\n",
       "      <td>0.001211</td>\n",
       "      <td>1.107212</td>\n",
       "    </tr>\n",
       "  </tbody>\n",
       "</table>\n",
       "</div>"
      ],
      "text/plain": [
       "             Returns  Volatility\n",
       "coalindia  -0.000629    0.287405\n",
       "ibulhsgfin -0.000216    0.640652\n",
       "wipro      -0.000283    0.418297\n",
       "ltfh        0.000401    0.422656\n",
       "tcs         0.000187    0.403683\n",
       "sunpharma  -0.000228    0.326948\n",
       "biocon      0.000691    0.681738\n",
       "pvr         0.000724    0.375541\n",
       "axisbank    0.000299    0.382700\n",
       "hdfcbank    0.000354    0.384236\n",
       "tatamotors -0.000267    0.450275\n",
       "cipla       0.000229    0.267293\n",
       "itc        -0.000214    0.318587\n",
       "spicejet    0.001149    0.523645\n",
       "reliance    0.001077    0.434637\n",
       "infy        0.000162    0.411745\n",
       "bhel       -0.000979    0.463252\n",
       "dabur       0.000598    0.245471\n",
