{
 "cells": [
  {
   "cell_type": "code",
   "execution_count": 1,
   "metadata": {},
   "outputs": [],
   "source": [
    "import quandl\n",
    "quandl.ApiConfig.api_key = \"nUqyP3u7T-rY9U8sL92P\"\n",
    "import numpy as np\n",
    "import pandas as pd"
   ]
  },
  {
   "cell_type": "code",
   "execution_count": 228,
   "metadata": {},
   "outputs": [
    {
     "data": {
      "text/html": [
       "<div>\n",
       "<style scoped>\n",
       "    .dataframe tbody tr th:only-of-type {\n",
       "        vertical-align: middle;\n",
       "    }\n",
       "\n",
       "    .dataframe tbody tr th {\n",
       "        vertical-align: top;\n",
       "    }\n",
       "\n",
       "    .dataframe thead th {\n",
       "        text-align: right;\n",
       "    }\n",
       "</style>\n",
       "<table border=\"1\" class=\"dataframe\">\n",
       "  <thead>\n",
       "    <tr style=\"text-align: right;\">\n",
       "      <th></th>\n",
       "      <th>coalindia</th>\n",
       "      <th>ibulhsgfin</th>\n",
       "      <th>wipro</th>\n",
       "      <th>ltfh</th>\n",
       "      <th>tcs</th>\n",
       "      <th>sunpharma</th>\n",
       "      <th>biocon</th>\n",
       "      <th>pvr</th>\n",
       "      <th>axisbank</th>\n",
       "      <th>hdfcbank</th>\n",
       "      <th>tatamotors</th>\n",
       "      <th>cipla</th>\n",
       "      <th>itc</th>\n",
       "      <th>spicejet</th>\n",
       "      <th>reliance</th>\n",
       "      <th>infy</th>\n",
       "      <th>bhel</th>\n",
       "      <th>dabur</th>\n",
       "      <th>sbi</th>\n",
       "      <th>bajfinance</th>\n",
       "    </tr>\n",
       "    <tr>\n",
       "      <th>date</th>\n",
       "      <th></th>\n",
       "      <th></th>\n",
       "      <th></th>\n",
       "      <th></th>\n",
       "      <th></th>\n",
       "      <th></th>\n",
       "      <th></th>\n",
       "      <th></th>\n",
       "      <th></th>\n",
       "      <th></th>\n",
       "      <th></th>\n",
       "      <th></th>\n",
       "      <th></th>\n",
       "      <th></th>\n",
       "      <th></th>\n",
       "      <th></th>\n",
       "      <th></th>\n",
       "      <th></th>\n",
       "      <th></th>\n",
       "      <th></th>\n",
       "    </tr>\n",
       "  </thead>\n",
       "  <tbody>\n",
       "    <tr>\n",
       "      <th>2015-09-01</th>\n",
       "      <td>355.40</td>\n",
       "      <td>726.15</td>\n",
       "      <td>562.85</td>\n",
       "      <td>62.70</td>\n",
       "      <td>2538.80</td>\n",
       "      <td>900.75</td>\n",
       "      <td>436.90</td>\n",
       "      <td>815.05</td>\n",
       "      <td>480.15</td>\n",
       "      <td>1000.60</td>\n",
       "      <td>329.60</td>\n",
       "      <td>663.25</td>\n",
       "      <td>315.55</td>\n",
       "      <td>24.25</td>\n",
       "      <td>840.15</td>\n",
       "      <td>1089.65</td>\n",
       "      <td>217.65</td>\n",
       "      <td>271.10</td>\n",
       "      <td>239.10</td>\n",
       "      <td>4940.85</td>\n",
       "    </tr>\n",
       "    <tr>\n",
       "      <th>2015-09-02</th>\n",
       "      <td>344.50</td>\n",
       "      <td>707.25</td>\n",
       "      <td>555.90</td>\n",
       "      <td>62.55</td>\n",
       "      <td>2593.20</td>\n",
       "      <td>890.35</td>\n",
       "      <td>437.70</td>\n",
       "      <td>807.45</td>\n",
       "      <td>466.85</td>\n",
       "      <td>995.65</td>\n",
       "      <td>325.35</td>\n",
       "      <td>650.05</td>\n",
       "      <td>320.00</td>\n",
       "      <td>24.20</td>\n",
       "      <td>849.30</td>\n",
       "      <td>1100.30</td>\n",
       "      <td>206.55</td>\n",
       "      <td>279.10</td>\n",
       "      <td>230.60</td>\n",
       "      <td>5028.35</td>\n",
       "    </tr>\n",
       "    <tr>\n",
       "      <th>2015-09-03</th>\n",
       "      <td>345.65</td>\n",
       "      <td>709.90</td>\n",
       "      <td>566.70</td>\n",
       "      <td>63.50</td>\n",
       "      <td>2605.25</td>\n",
       "      <td>885.35</td>\n",
       "      <td>439.35</td>\n",
       "      <td>835.35</td>\n",
       "      <td>486.40</td>\n",
       "      <td>1010.45</td>\n",
       "      <td>333.35</td>\n",
       "      <td>656.85</td>\n",
       "      <td>320.05</td>\n",
       "      <td>24.35</td>\n",
       "      <td>853.75</td>\n",
       "      <td>1100.65</td>\n",
       "      <td>211.55</td>\n",
       "      <td>285.10</td>\n",
       "      <td>232.60</td>\n",
       "      <td>5205.50</td>\n",
       "    </tr>\n",
       "    <tr>\n",
       "      <th>2015-09-04</th>\n",
       "      <td>346.75</td>\n",
       "      <td>721.10</td>\n",
       "      <td>553.70</td>\n",
       "      <td>63.05</td>\n",
       "      <td>2549.45</td>\n",
       "      <td>858.55</td>\n",
       "      <td>427.30</td>\n",
       "      <td>816.25</td>\n",
       "      <td>468.85</td>\n",
       "      <td>995.70</td>\n",
       "      <td>322.85</td>\n",
       "      <td>649.40</td>\n",
       "      <td>316.45</td>\n",
       "      <td>23.00</td>\n",
       "      <td>835.60</td>\n",
       "      <td>1073.80</td>\n",
       "      <td>206.65</td>\n",
       "      <td>285.15</td>\n",
       "      <td>225.05</td>\n",
       "      <td>5068.75</td>\n",
       "    </tr>\n",
       "    <tr>\n",
       "      <th>2015-09-07</th>\n",
       "      <td>337.60</td>\n",
       "      <td>724.25</td>\n",
       "      <td>551.90</td>\n",
       "      <td>62.25</td>\n",
       "      <td>2539.50</td>\n",
       "      <td>836.45</td>\n",
       "      <td>427.35</td>\n",
       "      <td>783.40</td>\n",
       "      <td>450.55</td>\n",
       "      <td>984.60</td>\n",
       "      <td>323.60</td>\n",
       "      <td>649.30</td>\n",
       "      <td>313.25</td>\n",
       "      <td>22.50</td>\n",
       "      <td>833.05</td>\n",
       "      <td>1059.60</td>\n",
       "      <td>200.95</td>\n",
       "      <td>276.90</td>\n",
       "      <td>221.70</td>\n",
       "      <td>5025.55</td>\n",
       "    </tr>\n",
       "  </tbody>\n",
       "</table>\n",
       "</div>"
      ],
      "text/plain": [
       "            coalindia  ibulhsgfin   wipro   ltfh      tcs  sunpharma  biocon  \\\n",
       "date                                                                           \n",
       "2015-09-01     355.40      726.15  562.85  62.70  2538.80     900.75  436.90   \n",
       "2015-09-02     344.50      707.25  555.90  62.55  2593.20     890.35  437.70   \n",
       "2015-09-03     345.65      709.90  566.70  63.50  2605.25     885.35  439.35   \n",
       "2015-09-04     346.75      721.10  553.70  63.05  2549.45     858.55  427.30   \n",
       "2015-09-07     337.60      724.25  551.90  62.25  2539.50     836.45  427.35   \n",
       "\n",
       "               pvr  axisbank  hdfcbank  tatamotors   cipla     itc  spicejet  \\\n",
       "date                                                                           \n",
       "2015-09-01  815.05    480.15   1000.60      329.60  663.25  315.55     24.25   \n",
       "2015-09-02  807.45    466.85    995.65      325.35  650.05  320.00     24.20   \n",
       "2015-09-03  835.35    486.40   1010.45      333.35  656.85  320.05     24.35   \n",
       "2015-09-04  816.25    468.85    995.70      322.85  649.40  316.45     23.00   \n",
       "2015-09-07  783.40    450.55    984.60      323.60  649.30  313.25     22.50   \n",
       "\n",
       "            reliance     infy    bhel   dabur     sbi  bajfinance  \n",
       "date                                                               \n",
       "2015-09-01    840.15  1089.65  217.65  271.10  239.10     4940.85  \n",
       "2015-09-02    849.30  1100.30  206.55  279.10  230.60     5028.35  \n",
       "2015-09-03    853.75  1100.65  211.55  285.10  232.60     5205.50  \n",
       "2015-09-04    835.60  1073.80  206.65  285.15  225.05     5068.75  \n",
       "2015-09-07    833.05  1059.60  200.95  276.90  221.70     5025.55  "
      ]
     },
     "execution_count": 228,
     "metadata": {},
     "output_type": "execute_result"
    }
   ],
   "source": [
    "prices = pd.read_csv(\"equity/data.csv\", index_col=\"date\")\n",
    "prices=prices.iloc[::-1]\n",
    "prices.index = pd.to_datetime(prices.index)\n",
    "prices.head()"
   ]
  },
  {
   "cell_type": "code",
   "execution_count": 229,
   "metadata": {},
   "outputs": [
    {
     "data": {
      "text/html": [
       "<div>\n",
       "<style scoped>\n",
       "    .dataframe tbody tr th:only-of-type {\n",
       "        vertical-align: middle;\n",
       "    }\n",
       "\n",
       "    .dataframe tbody tr th {\n",
       "        vertical-align: top;\n",
       "    }\n",
       "\n",
       "    .dataframe thead th {\n",
       "        text-align: right;\n",
       "    }\n",
       "</style>\n",
       "<table border=\"1\" class=\"dataframe\">\n",
       "  <thead>\n",
       "    <tr style=\"text-align: right;\">\n",
       "      <th></th>\n",
       "      <th>coalindia</th>\n",
       "      <th>ibulhsgfin</th>\n",
       "      <th>wipro</th>\n",
       "      <th>ltfh</th>\n",
       "      <th>tcs</th>\n",
       "      <th>sunpharma</th>\n",
       "      <th>biocon</th>\n",
       "      <th>pvr</th>\n",
       "      <th>axisbank</th>\n",
       "      <th>hdfcbank</th>\n",
       "      <th>tatamotors</th>\n",
       "      <th>cipla</th>\n",
       "      <th>itc</th>\n",
       "      <th>spicejet</th>\n",
       "      <th>reliance</th>\n",
       "      <th>infy</th>\n",
       "      <th>bhel</th>\n",
       "      <th>dabur</th>\n",
       "      <th>sbi</th>\n",
       "      <th>bajfinance</th>\n",
       "    </tr>\n",
       "  </thead>\n",
       "  <tbody>\n",
       "    <tr>\n",
       "      <th>coalindia</th>\n",
       "      <td>0.024823</td>\n",
       "      <td>0.013656</td>\n",
       "      <td>-0.018186</td>\n",
       "      <td>0.049313</td>\n",
       "      <td>-0.008240</td>\n",
       "      <td>-0.026649</td>\n",
       "      <td>-0.021913</td>\n",
       "      <td>0.036546</td>\n",
       "      <td>0.038126</td>\n",
       "      <td>0.012588</td>\n",
       "      <td>0.000555</td>\n",
       "      <td>-0.036973</td>\n",
       "      <td>0.009199</td>\n",
       "      <td>0.052722</td>\n",
       "      <td>-0.014656</td>\n",
       "      <td>-0.026322</td>\n",
       "      <td>-0.014310</td>\n",
       "      <td>0.004027</td>\n",
       "      <td>0.035162</td>\n",
       "      <td>-0.008975</td>\n",
       "    </tr>\n",
       "    <tr>\n",
       "      <th>ibulhsgfin</th>\n",
       "      <td>0.013656</td>\n",
       "      <td>0.338693</td>\n",
       "      <td>-0.044811</td>\n",
       "      <td>0.231856</td>\n",
       "      <td>0.008759</td>\n",
       "      <td>-0.032664</td>\n",
       "      <td>0.022093</td>\n",
       "      <td>0.033951</td>\n",
       "      <td>0.027699</td>\n",
       "      <td>0.197008</td>\n",
       "      <td>0.002703</td>\n",
       "      <td>0.010837</td>\n",
       "      <td>0.048533</td>\n",
       "      <td>0.192499</td>\n",
       "      <td>-0.105670</td>\n",
       "      <td>-0.016176</td>\n",
       "      <td>0.037982</td>\n",
       "      <td>0.031209</td>\n",
       "      <td>0.045618</td>\n",
       "      <td>0.005247</td>\n",
       "    </tr>\n",
       "    <tr>\n",
       "      <th>wipro</th>\n",
       "      <td>-0.018186</td>\n",
       "      <td>-0.044811</td>\n",
       "      <td>0.048486</td>\n",
       "      <td>-0.080038</td>\n",
       "      <td>-0.028946</td>\n",
       "      <td>0.005546</td>\n",
       "      <td>0.091140</td>\n",
       "      <td>-0.034308</td>\n",
       "      <td>-0.044427</td>\n",
       "      <td>-0.012321</td>\n",
       "      <td>-0.058142</td>\n",
       "      <td>0.018174</td>\n",
       "      <td>-0.008080</td>\n",
       "      <td>-0.143345</td>\n",
       "      <td>0.028372</td>\n",
       "      <td>-0.014038</td>\n",
       "      <td>0.020324</td>\n",
       "      <td>-0.003454</td>\n",
       "      <td>-0.047792</td>\n",
       "      <td>-0.045809</td>\n",
       "    </tr>\n",
       "    <tr>\n",
       "      <th>ltfh</th>\n",
       "      <td>0.049313</td>\n",
       "      <td>0.231856</td>\n",
       "      <td>-0.080038</td>\n",
       "      <td>0.244065</td>\n",
       "      <td>0.018098</td>\n",
       "      <td>-0.054520</td>\n",
       "      <td>-0.056768</td>\n",
       "      <td>0.090071</td>\n",
       "      <td>0.086547</td>\n",
       "      <td>0.129754</td>\n",
       "      <td>0.060725</td>\n",
       "      <td>-0.051078</td>\n",
       "      <td>0.033915</td>\n",
       "      <td>0.257906</td>\n",
       "      <td>-0.095273</td>\n",
       "      <td>-0.025963</td>\n",
       "      <td>-0.011347</td>\n",
       "      <td>0.019136</td>\n",
       "      <td>0.100230</td>\n",
       "      <td>-0.038471</td>\n",
       "    </tr>\n",
       "    <tr>\n",
       "      <th>tcs</th>\n",
       "      <td>-0.008240</td>\n",
       "      <td>0.008759</td>\n",
       "      <td>-0.028946</td>\n",
       "      <td>0.018098</td>\n",
       "      <td>0.040632</td>\n",
       "      <td>0.023906</td>\n",
       "      <td>-0.061075</td>\n",
       "      <td>-0.002085</td>\n",
       "      <td>0.001445</td>\n",
       "      <td>-0.015041</td>\n",
       "      <td>0.072528</td>\n",
       "      <td>0.018938</td>\n",
       "      <td>-0.010614</td>\n",
       "      <td>0.075740</td>\n",
       "      <td>-0.007294</td>\n",
       "      <td>0.046721</td>\n",
       "      <td>-0.009591</td>\n",
       "      <td>-0.006151</td>\n",
       "      <td>0.010213</td>\n",
       "      <td>0.016500</td>\n",
       "    </tr>\n",
       "    <tr>\n",
       "      <th>sunpharma</th>\n",
       "      <td>-0.026649</td>\n",
       "      <td>-0.032664</td>\n",
       "      <td>0.005546</td>\n",
       "      <td>-0.054520</td>\n",
       "      <td>0.023906</td>\n",
       "      <td>0.038406</td>\n",
       "      <td>-0.028252</td>\n",
       "      <td>-0.039114</td>\n",
       "      <td>-0.031162</td>\n",
       "      <td>-0.031986</td>\n",
       "      <td>0.019985</td>\n",
       "      <td>0.041270</td>\n",
       "      <td>-0.009601</td>\n",
       "      <td>-0.016568</td>\n",
       "      <td>0.017599</td>\n",
       "      <td>0.043524</td>\n",
       "      <td>0.005889</td>\n",
       "      <td>-0.004806</td>\n",
       "      <td>-0.029679</td>\n",
       "      <td>0.065175</td>\n",
       "    </tr>\n",
       "    <tr>\n",
       "      <th>biocon</th>\n",
       "      <td>-0.021913</td>\n",
       "      <td>0.022093</td>\n",
       "      <td>0.091140</td>\n",
       "      <td>-0.056768</td>\n",
       "      <td>-0.061075</td>\n",
       "      <td>-0.028252</td>\n",
       "      <td>0.347753</td>\n",
       "      <td>-0.018699</td>\n",
       "      <td>-0.099614</td>\n",
       "      <td>0.046112</td>\n",
       "      <td>-0.040934</td>\n",
       "      <td>0.016378</td>\n",
       "      <td>-0.048783</td>\n",
       "      <td>-0.308521</td>\n",
       "      <td>0.017862</td>\n",
       "      <td>-0.039375</td>\n",
       "      <td>0.048943</td>\n",
       "      <td>-0.023848</td>\n",
       "      <td>-0.073848</td>\n",
       "      <td>-0.496575</td>\n",
       "    </tr>\n",
       "    <tr>\n",
       "      <th>pvr</th>\n",
       "      <td>0.036546</td>\n",
       "      <td>0.033951</td>\n",
       "      <td>-0.034308</td>\n",
       "      <td>0.090071</td>\n",
       "      <td>-0.002085</td>\n",
       "      <td>-0.039114</td>\n",
       "      <td>-0.018699</td>\n",
       "      <td>0.061365</td>\n",
       "      <td>0.053669</td>\n",
       "      <td>0.022261</td>\n",
       "      <td>0.033884</td>\n",
       "      <td>-0.053191</td>\n",
       "      <td>0.003422</td>\n",
       "      <td>0.088533</td>\n",
       "      <td>-0.027811</td>\n",
       "      <td>-0.027847</td>\n",
       "      <td>-0.023048</td>\n",
       "      <td>0.000347</td>\n",
       "      <td>0.057138</td>\n",
       "      <td>-0.083158</td>\n",
       "    </tr>\n",
       "    <tr>\n",
       "      <th>axisbank</th>\n",
       "      <td>0.038126</td>\n",
       "      <td>0.027699</td>\n",
       "      <td>-0.044427</td>\n",
       "      <td>0.086547</td>\n",
       "      <td>0.001445</td>\n",
       "      <td>-0.031162</td>\n",
       "      <td>-0.099614</td>\n",
       "      <td>0.053669</td>\n",
       "      <td>0.072379</td>\n",
       "      <td>0.015694</td>\n",
       "      <td>0.007902</td>\n",
       "      <td>-0.052186</td>\n",
       "      <td>0.024674</td>\n",
       "      <td>0.140935</td>\n",
       "      <td>-0.027461</td>\n",
       "      <td>-0.028175</td>\n",
       "      <td>-0.027329</td>\n",
       "      <td>0.011782</td>\n",
       "      <td>0.063644</td>\n",
       "      <td>0.092146</td>\n",
       "    </tr>\n",
       "    <tr>\n",
       "      <th>hdfcbank</th>\n",
       "      <td>0.012588</td>\n",
       "      <td>0.197008</td>\n",
       "      <td>-0.012321</td>\n",
       "      <td>0.129754</td>\n",
       "      <td>-0.015041</td>\n",
       "      <td>-0.031986</td>\n",
       "      <td>0.046112</td>\n",
       "      <td>0.022261</td>\n",
       "      <td>0.015694</td>\n",
       "      <td>0.124684</td>\n",
       "      <td>-0.032762</td>\n",
       "      <td>-0.003685</td>\n",
       "      <td>0.033220</td>\n",
       "      <td>0.075800</td>\n",
       "      <td>-0.059382</td>\n",
       "      <td>-0.033017</td>\n",
       "      <td>0.027092</td>\n",
       "      <td>0.021090</td>\n",
       "      <td>0.022495</td>\n",
       "      <td>-0.012901</td>\n",
       "    </tr>\n",
       "    <tr>\n",
       "      <th>tatamotors</th>\n",
       "      <td>0.000555</td>\n",
       "      <td>0.002703</td>\n",
       "      <td>-0.058142</td>\n",
       "      <td>0.060725</td>\n",
       "      <td>0.072528</td>\n",
       "      <td>0.019985</td>\n",
       "      <td>-0.040934</td>\n",
       "      <td>0.033884</td>\n",
       "      <td>0.007902</td>\n",
       "      <td>-0.032762</td>\n",
       "      <td>0.187298</td>\n",
       "      <td>0.005360</td>\n",
       "      <td>-0.047986</td>\n",
       "      <td>0.113831</td>\n",
       "      <td>-0.017241</td>\n",
       "      <td>0.077521</td>\n",
       "      <td>-0.030761</td>\n",
       "      <td>-0.028078</td>\n",
       "      <td>0.038224</td>\n",
       "      <td>-0.208786</td>\n",
       "    </tr>\n",
       "    <tr>\n",
       "      <th>cipla</th>\n",
       "      <td>-0.036973</td>\n",
       "      <td>0.010837</td>\n",
       "      <td>0.018174</td>\n",
       "      <td>-0.051078</td>\n",
       "      <td>0.018938</td>\n",
       "      <td>0.041270</td>\n",
       "      <td>0.016378</td>\n",
       "      <td>-0.053191</td>\n",
       "      <td>-0.052186</td>\n",
       "      <td>-0.003685</td>\n",
       "      <td>0.005360</td>\n",
       "      <td>0.059240</td>\n",
       "      <td>-0.007951</td>\n",
       "      <td>-0.044943</td>\n",
       "      <td>0.011465</td>\n",
       "      <td>0.044148</td>\n",
       "      <td>0.023220</td>\n",
       "      <td>-0.002478</td>\n",
       "      <td>-0.046561</td>\n",
       "      <td>0.039373</td>\n",
       "    </tr>\n",
       "    <tr>\n",
       "      <th>itc</th>\n",
       "      <td>0.009199</td>\n",
       "      <td>0.048533</td>\n",
       "      <td>-0.008080</td>\n",
       "      <td>0.033915</td>\n",
       "      <td>-0.010614</td>\n",
       "      <td>-0.009601</td>\n",
       "      <td>-0.048783</td>\n",
       "      <td>0.003422</td>\n",
       "      <td>0.024674</td>\n",
       "      <td>0.033220</td>\n",
       "      <td>-0.047986</td>\n",
       "      <td>-0.007951</td>\n",
       "      <td>0.031491</td>\n",
       "      <td>0.056989</td>\n",
       "      <td>-0.016067</td>\n",
       "      <td>-0.022203</td>\n",
       "      <td>0.004300</td>\n",
       "      <td>0.017837</td>\n",
       "      <td>0.013426</td>\n",
       "      <td>0.149120</td>\n",
       "    </tr>\n",
       "    <tr>\n",
       "      <th>spicejet</th>\n",
       "      <td>0.052722</td>\n",
       "      <td>0.192499</td>\n",
       "      <td>-0.143345</td>\n",
       "      <td>0.257906</td>\n",
       "      <td>0.075740</td>\n",
       "      <td>-0.016568</td>\n",
       "      <td>-0.308521</td>\n",
       "      <td>0.088533</td>\n",
       "      <td>0.140935</td>\n",
       "      <td>0.075800</td>\n",
       "      <td>0.113831</td>\n",
       "      <td>-0.044943</td>\n",
       "      <td>0.056989</td>\n",
       "      <td>0.464168</td>\n",
       "      <td>-0.098199</td>\n",
       "      <td>0.026381</td>\n",
       "      <td>-0.046131</td>\n",
       "      <td>0.029699</td>\n",
       "      <td>0.139974</td>\n",
       "      <td>0.305575</td>\n",
       "    </tr>\n",
       "    <tr>\n",
       "      <th>reliance</th>\n",
       "      <td>-0.014656</td>\n",
       "      <td>-0.105670</td>\n",
       "      <td>0.028372</td>\n",
       "      <td>-0.095273</td>\n",
       "      <td>-0.007294</td>\n",
       "      <td>0.017599</td>\n",
       "      <td>0.017862</td>\n",
       "      <td>-0.027811</td>\n",
       "      <td>-0.027461</td>\n",
       "      <td>-0.059382</td>\n",
       "      <td>-0.017241</td>\n",
       "      <td>0.011465</td>\n",
       "      <td>-0.016067</td>\n",
       "      <td>-0.098199</td>\n",
       "      <td>0.039239</td>\n",
       "      <td>0.007631</td>\n",
       "      <td>-0.001499</td>\n",
       "      <td>-0.009535</td>\n",
       "      <td>-0.033085</td>\n",
       "      <td>0.000367</td>\n",
       "    </tr>\n",
       "    <tr>\n",
       "      <th>infy</th>\n",
       "      <td>-0.026322</td>\n",
       "      <td>-0.016176</td>\n",
       "      <td>-0.014038</td>\n",
       "      <td>-0.025963</td>\n",
       "      <td>0.046721</td>\n",
       "      <td>0.043524</td>\n",
       "      <td>-0.039375</td>\n",
       "      <td>-0.027847</td>\n",
       "      <td>-0.028175</td>\n",
       "      <td>-0.033017</td>\n",
       "      <td>0.077521</td>\n",
       "      <td>0.044148</td>\n",
       "      <td>-0.022203</td>\n",
       "      <td>0.026381</td>\n",
       "      <td>0.007631</td>\n",
       "      <td>0.067049</td>\n",
       "      <td>-0.001479</td>\n",
       "      <td>-0.012021</td>\n",
       "      <td>-0.016499</td>\n",
       "      <td>0.001662</td>\n",
       "    </tr>\n",
       "    <tr>\n",
       "      <th>bhel</th>\n",
       "      <td>-0.014310</td>\n",
       "      <td>0.037982</td>\n",
       "      <td>0.020324</td>\n",
       "      <td>-0.011347</td>\n",
       "      <td>-0.009591</td>\n",
       "      <td>0.005889</td>\n",
       "      <td>0.048943</td>\n",
       "      <td>-0.023048</td>\n",
       "      <td>-0.027329</td>\n",
       "      <td>0.027092</td>\n",
       "      <td>-0.030761</td>\n",
       "      <td>0.023220</td>\n",
       "      <td>0.004300</td>\n",
       "      <td>-0.046131</td>\n",
       "      <td>-0.001499</td>\n",
       "      <td>-0.001479</td>\n",
       "      <td>0.021617</td>\n",
       "      <td>0.004036</td>\n",
       "      <td>-0.025701</td>\n",
       "      <td>-0.002521</td>\n",
       "    </tr>\n",
       "    <tr>\n",
       "      <th>dabur</th>\n",
       "      <td>0.004027</td>\n",
       "      <td>0.031209</td>\n",
       "      <td>-0.003454</td>\n",
       "      <td>0.019136</td>\n",
       "      <td>-0.006151</td>\n",
       "      <td>-0.004806</td>\n",
       "      <td>-0.023848</td>\n",
       "      <td>0.000347</td>\n",
       "      <td>0.011782</td>\n",
       "      <td>0.021090</td>\n",
       "      <td>-0.028078</td>\n",
       "      <td>-0.002478</td>\n",
       "      <td>0.017837</td>\n",
       "      <td>0.029699</td>\n",
       "      <td>-0.009535</td>\n",
       "      <td>-0.012021</td>\n",
       "      <td>0.004036</td>\n",
       "      <td>0.010236</td>\n",
       "      <td>0.005847</td>\n",
       "      <td>0.082385</td>\n",
       "    </tr>\n",
       "    <tr>\n",
       "      <th>sbi</th>\n",
       "      <td>0.035162</td>\n",
       "      <td>0.045618</td>\n",
       "      <td>-0.047792</td>\n",
       "      <td>0.100230</td>\n",
       "      <td>0.010213</td>\n",
       "      <td>-0.029679</td>\n",
       "      <td>-0.073848</td>\n",
       "      <td>0.057138</td>\n",
       "      <td>0.063644</td>\n",
       "      <td>0.022495</td>\n",
       "      <td>0.038224</td>\n",
       "      <td>-0.046561</td>\n",
       "      <td>0.013426</td>\n",
       "      <td>0.139974</td>\n",
       "      <td>-0.033085</td>\n",
       "      <td>-0.016499</td>\n",
       "      <td>-0.025701</td>\n",
       "      <td>0.005847</td>\n",
       "      <td>0.063731</td>\n",
       "      <td>0.011825</td>\n",
       "    </tr>\n",
       "    <tr>\n",
       "      <th>bajfinance</th>\n",
       "      <td>-0.008975</td>\n",
       "      <td>0.005247</td>\n",
       "      <td>-0.045809</td>\n",
       "      <td>-0.038471</td>\n",
       "      <td>0.016500</td>\n",
       "      <td>0.065175</td>\n",
       "      <td>-0.496575</td>\n",
       "      <td>-0.083158</td>\n",
       "      <td>0.092146</td>\n",
       "      <td>-0.012901</td>\n",
       "      <td>-0.208786</td>\n",
       "      <td>0.039373</td>\n",
       "      <td>0.149120</td>\n",
       "      <td>0.305575</td>\n",
       "      <td>0.000367</td>\n",
       "      <td>0.001662</td>\n",
       "      <td>-0.002521</td>\n",
       "      <td>0.082385</td>\n",
       "      <td>0.011825</td>\n",
       "      <td>1.196283</td>\n",
       "    </tr>\n",
       "  </tbody>\n",
       "</table>\n",
       "</div>"
      ],
      "text/plain": [
       "            coalindia  ibulhsgfin     wipro      ltfh       tcs  sunpharma  \\\n",
       "coalindia    0.024823    0.013656 -0.018186  0.049313 -0.008240  -0.026649   \n",
       "ibulhsgfin   0.013656    0.338693 -0.044811  0.231856  0.008759  -0.032664   \n",
       "wipro       -0.018186   -0.044811  0.048486 -0.080038 -0.028946   0.005546   \n",
       "ltfh         0.049313    0.231856 -0.080038  0.244065  0.018098  -0.054520   \n",
       "tcs         -0.008240    0.008759 -0.028946  0.018098  0.040632   0.023906   \n",
       "sunpharma   -0.026649   -0.032664  0.005546 -0.054520  0.023906   0.038406   \n",
       "biocon      -0.021913    0.022093  0.091140 -0.056768 -0.061075  -0.028252   \n",
       "pvr          0.036546    0.033951 -0.034308  0.090071 -0.002085  -0.039114   \n",
       "axisbank     0.038126    0.027699 -0.044427  0.086547  0.001445  -0.031162   \n",
       "hdfcbank     0.012588    0.197008 -0.012321  0.129754 -0.015041  -0.031986   \n",
       "tatamotors   0.000555    0.002703 -0.058142  0.060725  0.072528   0.019985   \n",
       "cipla       -0.036973    0.010837  0.018174 -0.051078  0.018938   0.041270   \n",
       "itc          0.009199    0.048533 -0.008080  0.033915 -0.010614  -0.009601   \n",
       "spicejet     0.052722    0.192499 -0.143345  0.257906  0.075740  -0.016568   \n",
       "reliance    -0.014656   -0.105670  0.028372 -0.095273 -0.007294   0.017599   \n",
       "infy        -0.026322   -0.016176 -0.014038 -0.025963  0.046721   0.043524   \n",
       "bhel        -0.014310    0.037982  0.020324 -0.011347 -0.009591   0.005889   \n",
       "dabur        0.004027    0.031209 -0.003454  0.019136 -0.006151  -0.004806   \n",
       "sbi          0.035162    0.045618 -0.047792  0.100230  0.010213  -0.029679   \n",
       "bajfinance  -0.008975    0.005247 -0.045809 -0.038471  0.016500   0.065175   \n",
       "\n",
       "              biocon       pvr  axisbank  hdfcbank  tatamotors     cipla  \\\n",
       "coalindia  -0.021913  0.036546  0.038126  0.012588    0.000555 -0.036973   \n",
       "ibulhsgfin  0.022093  0.033951  0.027699  0.197008    0.002703  0.010837   \n",
       "wipro       0.091140 -0.034308 -0.044427 -0.012321   -0.058142  0.018174   \n",
       "ltfh       -0.056768  0.090071  0.086547  0.129754    0.060725 -0.051078   \n",
       "tcs        -0.061075 -0.002085  0.001445 -0.015041    0.072528  0.018938   \n",
       "sunpharma  -0.028252 -0.039114 -0.031162 -0.031986    0.019985  0.041270   \n",
       "biocon      0.347753 -0.018699 -0.099614  0.046112   -0.040934  0.016378   \n",
       "pvr        -0.018699  0.061365  0.053669  0.022261    0.033884 -0.053191   \n",
       "axisbank   -0.099614  0.053669  0.072379  0.015694    0.007902 -0.052186   \n",
       "hdfcbank    0.046112  0.022261  0.015694  0.124684   -0.032762 -0.003685   \n",
       "tatamotors -0.040934  0.033884  0.007902 -0.032762    0.187298  0.005360   \n",
       "cipla       0.016378 -0.053191 -0.052186 -0.003685    0.005360  0.059240   \n",
       "itc        -0.048783  0.003422  0.024674  0.033220   -0.047986 -0.007951   \n",
       "spicejet   -0.308521  0.088533  0.140935  0.075800    0.113831 -0.044943   \n",
       "reliance    0.017862 -0.027811 -0.027461 -0.059382   -0.017241  0.011465   \n",
       "infy       -0.039375 -0.027847 -0.028175 -0.033017    0.077521  0.044148   \n",
       "bhel        0.048943 -0.023048 -0.027329  0.027092   -0.030761  0.023220   \n",
       "dabur      -0.023848  0.000347  0.011782  0.021090   -0.028078 -0.002478   \n",
       "sbi        -0.073848  0.057138  0.063644  0.022495    0.038224 -0.046561   \n",
       "bajfinance -0.496575 -0.083158  0.092146 -0.012901   -0.208786  0.039373   \n",
       "\n",
       "                 itc  spicejet  reliance      infy      bhel     dabur  \\\n",
       "coalindia   0.009199  0.052722 -0.014656 -0.026322 -0.014310  0.004027   \n",
       "ibulhsgfin  0.048533  0.192499 -0.105670 -0.016176  0.037982  0.031209   \n",
       "wipro      -0.008080 -0.143345  0.028372 -0.014038  0.020324 -0.003454   \n",
       "ltfh        0.033915  0.257906 -0.095273 -0.025963 -0.011347  0.019136   \n",
       "tcs        -0.010614  0.075740 -0.007294  0.046721 -0.009591 -0.006151   \n",
       "sunpharma  -0.009601 -0.016568  0.017599  0.043524  0.005889 -0.004806   \n",
       "biocon     -0.048783 -0.308521  0.017862 -0.039375  0.048943 -0.023848   \n",
       "pvr         0.003422  0.088533 -0.027811 -0.027847 -0.023048  0.000347   \n",
       "axisbank    0.024674  0.140935 -0.027461 -0.028175 -0.027329  0.011782   \n",
       "hdfcbank    0.033220  0.075800 -0.059382 -0.033017  0.027092  0.021090   \n",
       "tatamotors -0.047986  0.113831 -0.017241  0.077521 -0.030761 -0.028078   \n",
       "cipla      -0.007951 -0.044943  0.011465  0.044148  0.023220 -0.002478   \n",
       "itc         0.031491  0.056989 -0.016067 -0.022203  0.004300  0.017837   \n",
       "spicejet    0.056989  0.464168 -0.098199  0.026381 -0.046131  0.029699   \n",
       "reliance   -0.016067 -0.098199  0.039239  0.007631 -0.001499 -0.009535   \n",
       "infy       -0.022203  0.026381  0.007631  0.067049 -0.001479 -0.012021   \n",
       "bhel        0.004300 -0.046131 -0.001499 -0.001479  0.021617  0.004036   \n",
       "dabur       0.017837  0.029699 -0.009535 -0.012021  0.004036  0.010236   \n",
       "sbi         0.013426  0.139974 -0.033085 -0.016499 -0.025701  0.005847   \n",
       "bajfinance  0.149120  0.305575  0.000367  0.001662 -0.002521  0.082385   \n",
       "\n",
       "                 sbi  bajfinance  \n",
       "coalindia   0.035162   -0.008975  \n",
       "ibulhsgfin  0.045618    0.005247  \n",
       "wipro      -0.047792   -0.045809  \n",
       "ltfh        0.100230   -0.038471  \n",
       "tcs         0.010213    0.016500  \n",
       "sunpharma  -0.029679    0.065175  \n",
       "biocon     -0.073848   -0.496575  \n",
       "pvr         0.057138   -0.083158  \n",
       "axisbank    0.063644    0.092146  \n",
       "hdfcbank    0.022495   -0.012901  \n",
       "tatamotors  0.038224   -0.208786  \n",
       "cipla      -0.046561    0.039373  \n",
       "itc         0.013426    0.149120  \n",
       "spicejet    0.139974    0.305575  \n",
       "reliance   -0.033085    0.000367  \n",
       "infy       -0.016499    0.001662  \n",
       "bhel       -0.025701   -0.002521  \n",
       "dabur       0.005847    0.082385  \n",
       "sbi         0.063731    0.011825  \n",
       "bajfinance  0.011825    1.196283  "
      ]
     },
     "execution_count": 229,
     "metadata": {},
     "output_type": "execute_result"
    }
   ],
   "source": [
    "cov_matrix = prices.resample('Y').last().pct_change().apply(lambda x: np.log(1+x)).cov()\n",
    "cov_matrix"
   ]
  },
  {
   "cell_type": "code",
   "execution_count": 230,
   "metadata": {},
   "outputs": [
    {
     "data": {
      "text/plain": [
       "coalindia    -0.000629\n",
       "ibulhsgfin   -0.000216\n",
       "wipro        -0.000283\n",
       "ltfh          0.000401\n",
       "tcs           0.000187\n",
       "sunpharma    -0.000228\n",
       "biocon        0.000691\n",
       "pvr           0.000724\n",
       "axisbank      0.000299\n",
       "hdfcbank      0.000354\n",
       "tatamotors   -0.000267\n",
       "cipla         0.000229\n",
       "itc          -0.000214\n",
       "spicejet      0.001149\n",
       "reliance      0.001077\n",
       "infy          0.000162\n",
       "bhel         -0.000979\n",
       "dabur         0.000598\n",
       "sbi           0.000196\n",
       "bajfinance    0.001211\n",
       "dtype: float64"
      ]
     },
     "execution_count": 230,
     "metadata": {},
     "output_type": "execute_result"
    }
   ],
   "source": [
    "e_r = prices.pct_change().mean()\n",
    "e_r"
   ]
  },
  {
   "cell_type": "code",
   "execution_count": 231,
   "metadata": {},
   "outputs": [
    {
     "data": {
      "text/plain": [
       "coalindia     0.287405\n",
       "ibulhsgfin    0.640652\n",
       "wipro         0.418297\n",
       "ltfh          0.422656\n",
       "tcs           0.403683\n",
       "sunpharma     0.326948\n",
       "biocon        0.681738\n",
       "pvr           0.375541\n",
       "axisbank      0.382700\n",
       "hdfcbank      0.384236\n",
       "tatamotors    0.450275\n",
       "cipla         0.267293\n",
       "itc           0.318587\n",
       "spicejet      0.523645\n",
       "reliance      0.434637\n",
       "infy          0.411745\n",
       "bhel          0.463252\n",
       "dabur         0.245471\n",
       "sbi           0.366814\n",
       "bajfinance    1.107212\n",
       "dtype: float64"
      ]
     },
     "execution_count": 231,
     "metadata": {},
     "output_type": "execute_result"
    }
   ],
   "source": [
    "sd = prices.pct_change().apply(lambda x: np.log(1+x)).std().apply(lambda x: x*np.sqrt(250))\n",
    "sd"
   ]
  },
  {
   "cell_type": "code",
   "execution_count": 232,
   "metadata": {},
   "outputs": [
    {
     "data": {
      "text/html": [
       "<div>\n",
       "<style scoped>\n",
       "    .dataframe tbody tr th:only-of-type {\n",
       "        vertical-align: middle;\n",
       "    }\n",
       "\n",
       "    .dataframe tbody tr th {\n",
       "        vertical-align: top;\n",
       "    }\n",
       "\n",
       "    .dataframe thead th {\n",
       "        text-align: right;\n",
       "    }\n",
       "</style>\n",
       "<table border=\"1\" class=\"dataframe\">\n",
       "  <thead>\n",
       "    <tr style=\"text-align: right;\">\n",
       "      <th></th>\n",
       "      <th>Returns</th>\n",
       "      <th>Volatility</th>\n",
       "    </tr>\n",
       "  </thead>\n",
       "  <tbody>\n",
       "    <tr>\n",
       "      <th>coalindia</th>\n",
       "      <td>-0.000629</td>\n",
       "      <td>0.287405</td>\n",
       "    </tr>\n",
       "    <tr>\n",
       "      <th>ibulhsgfin</th>\n",
       "      <td>-0.000216</td>\n",
       "      <td>0.640652</td>\n",
       "    </tr>\n",
       "    <tr>\n",
       "      <th>wipro</th>\n",
       "      <td>-0.000283</td>\n",
       "      <td>0.418297</td>\n",
       "    </tr>\n",
       "    <tr>\n",
       "      <th>ltfh</th>\n",
       "      <td>0.000401</td>\n",
       "      <td>0.422656</td>\n",
       "    </tr>\n",
       "    <tr>\n",
       "      <th>tcs</th>\n",
       "      <td>0.000187</td>\n",
       "      <td>0.403683</td>\n",
       "    </tr>\n",
       "    <tr>\n",
       "      <th>sunpharma</th>\n",
       "      <td>-0.000228</td>\n",
       "      <td>0.326948</td>\n",
       "    </tr>\n",
       "    <tr>\n",
       "      <th>biocon</th>\n",
       "      <td>0.000691</td>\n",
       "      <td>0.681738</td>\n",
       "    </tr>\n",
       "    <tr>\n",
       "      <th>pvr</th>\n",
       "      <td>0.000724</td>\n",
       "      <td>0.375541</td>\n",
       "    </tr>\n",
       "    <tr>\n",
       "      <th>axisbank</th>\n",
       "      <td>0.000299</td>\n",
       "      <td>0.382700</td>\n",
       "    </tr>\n",
       "    <tr>\n",
       "      <th>hdfcbank</th>\n",
       "      <td>0.000354</td>\n",
       "      <td>0.384236</td>\n",
       "    </tr>\n",
       "    <tr>\n",
       "      <th>tatamotors</th>\n",
       "      <td>-0.000267</td>\n",
       "      <td>0.450275</td>\n",
       "    </tr>\n",
       "    <tr>\n",
       "      <th>cipla</th>\n",
       "      <td>0.000229</td>\n",
       "      <td>0.267293</td>\n",
       "    </tr>\n",
       "    <tr>\n",
       "      <th>itc</th>\n",
       "      <td>-0.000214</td>\n",
       "      <td>0.318587</td>\n",
       "    </tr>\n",
       "    <tr>\n",
       "      <th>spicejet</th>\n",
       "      <td>0.001149</td>\n",
       "      <td>0.523645</td>\n",
       "    </tr>\n",
       "    <tr>\n",
       "      <th>reliance</th>\n",
       "      <td>0.001077</td>\n",
       "      <td>0.434637</td>\n",
       "    </tr>\n",
       "    <tr>\n",
       "      <th>infy</th>\n",
       "      <td>0.000162</td>\n",
       "      <td>0.411745</td>\n",
       "    </tr>\n",
       "    <tr>\n",
       "      <th>bhel</th>\n",
       "      <td>-0.000979</td>\n",
       "      <td>0.463252</td>\n",
       "    </tr>\n",
       "    <tr>\n",
       "      <th>dabur</th>\n",
       "      <td>0.000598</td>\n",
       "      <td>0.245471</td>\n",
       "    </tr>\n",
       "    <tr>\n",
       "      <th>sbi</th>\n",
       "      <td>0.000196</td>\n",
       "      <td>0.366814</td>\n",
       "    </tr>\n",
       "    <tr>\n",
       "      <th>bajfinance</th>\n",
       "      <td>0.001211</td>\n",
       "      <td>1.107212</td>\n",
       "    </tr>\n",
       "  </tbody>\n",
       "</table>\n",
       "</div>"
      ],
      "text/plain": [
       "             Returns  Volatility\n",
       "coalindia  -0.000629    0.287405\n",
       "ibulhsgfin -0.000216    0.640652\n",
       "wipro      -0.000283    0.418297\n",
       "ltfh        0.000401    0.422656\n",
       "tcs         0.000187    0.403683\n",
       "sunpharma  -0.000228    0.326948\n",
       "biocon      0.000691    0.681738\n",
       "pvr         0.000724    0.375541\n",
       "axisbank    0.000299    0.382700\n",
       "hdfcbank    0.000354    0.384236\n",
       "tatamotors -0.000267    0.450275\n",
       "cipla       0.000229    0.267293\n",
       "itc        -0.000214    0.318587\n",
       "spicejet    0.001149    0.523645\n",
       "reliance    0.001077    0.434637\n",
       "infy        0.000162    0.411745\n",
       "bhel       -0.000979    0.463252\n",
       "dabur       0.000598    0.245471\n",
       "sbi         0.000196    0.366814\n",
       "bajfinance  0.001211    1.107212"
      ]
     },
     "execution_count": 232,
     "metadata": {},
